4294967294,5
4294967278,132
4294967278,131
4294967278,130
4294967278,129
4294967278,128
4294967278,127
4294967278,126
4294967278,125
4294967278,124
4294967278,123
4294967278,122
4294967278,121
4294967278,120
4294967278,119
4294967278,118
4294967278,117
4294967278,116
4294967278,115
4294967278,114
4294967278,113
4294967278,112
4294967278,111
4294967278,110
4294967278,109
4294967278,108
4294967278,107
4294967278,106
4294967278,105
4294967278,104
4294967278,103
4294967278,102
4294967278,101
4294967278,100
4294967278,99
4294967278,98
4294967278,97
4294967278,96
4294967278,95
4294967278,94
4294967278,93
4294967278,92
4294967278,91
4294967278,90
4294967278,89
4294967278,87
4294967278,86
4294967278,85
4294967278,84
4294967278,83
4294967278,82
4294967278,81
4294967278,80
4294967278,79
4294967278,78
4294967278,77
4294967278,76
4294967278,75
4294967278,74
4294967278,73
4294967278,72
4294967278,71
4294967278,70
4294967278,69
4294967278,68
4294967278,67
4294967278,66
4294967278,65
4294967278,64
4294967278,63
4294967278,62
4294967278,61
4294967278,60
4294967278,59
4294967278,58
4294967278,57
4294967278,56
4294967278,55
4294967278,54
4294967278,53
4294967278,52
4294967278,51
4294967278,50
4294967278,49
4294967278,48
4294967278,47
4294967278,46
4294967278,45
4294967278,44
4294967278,43
4294967278,42
4294967278,41
4294967278,40
4294967278,39
4294967278,38
4294967278,37
4294967278,36
4294967278,35
4294967278,34
4294967278,33
4294967278,32
4294967278,31
4294967278,30
4294967278,29
4294967278,28
4294967278,27
4294967278,26
4294967278,25
4294967278,24
4294967278,23
4294967278,22
4294967278,21
4294967278,20
4294967278,275
4294967278,18
4294967278,17
4294967278,16
4294967278,15
4294967278,14
4294967278,13
4294967278,12
4294967278,11
4294967278,10
4294967278,9
4294967278,8
4294967278,7
4294967278,6
4294967278,5
4294967278,174
4294967278,259
4294967278,4
4294967279,132
4294967279,131
4294967279,130
4294967279,129
4294967279,128
4294967279,127
4294967279,126
4294967279,125
4294967279,124
4294967279,123
4294967279,122
4294967279,121
4294967279,120
4294967279,119
4294967279,118
4294967279,117
4294967279,116
4294967279,115
4294967279,114
4294967279,113
4294967279,112
4294967279,111
4294967279,110
4294967279,109
4294967279,18
4294967279,17
4294967279,16
4294967279,15
4294967279,14
4294967279,13
4294967279,12
4294967279,11
4294967279,10
4294967279,9
4294967279,8
4294967279,7
4294967279,6
4294967279,5
4294967279,4
0,5
4294967294,69
4294967278,133
4294967294,68
4294967294,1413
4294967294,1412
4294967294,1411
4294967294,89
4294967278,276
4294967294,445
4294967294,103
4294967294,66
4294967294,388
4294967294,166
4294967294,168
4294967294,161
4294967294,165
4294967294,24
4294967294,113
4294967294,17
4294967294,42
4294967294,67
4294967294,99
4294967294,76
4294967294,36
4294967294,39
4294967294,41
4294967294,115
4294967294,43
4294967294,387
4294967294,51
4294967294,52
4294967294,112
4294967294,167
4294967294,162
4294967294,82
4294967294,92
4294967294,35
4294967294,441
4294967294,519
4294967294,442
4294967294,426
4294967294,428
4294967294,429
4294967294,535
4294967294,422
4294967278,284
4294967278,260
4294967278,0
4294967278,19
4294967294,425
4294967294,431
4294967279,19
4294967279,494
4294967294,1405
4294967294,1404
4294967279,493
4294967294,1403
4294967279,492
4294967294,1402
4294967294,1401
4294967279,491
4294967294,1400
4294967279,490
4294967294,1399
4294967294,1398
4294967279,489
4294967294,1397
4294967279,488
4294967294,1410
4294967294,1396
4294967279,487
4294967294,1395
4294967279,486
4294967294,1394
4294967294,1409
4294967294,1393
4294967294,0
4294967294,1408
4294967279,485
4294967294,1392
4294967279,484
4294967294,1391
4294967279,483
4294967294,1390
4294967294,1389
4294967279,482
4294967294,1388
4294967279,481
4294967294,1387
4294967294,1386
4294967279,480
4294967294,1385
4294967279,479
4294967294,1384
4294967279,478
4294967294,1383
4294967294,1382
4294967279,477
4294967294,1381
4294967279,476
4294967294,1380
4294967294,1379
4294967279,475
4294967294,1378
4294967279,474
4294967294,1377
4294967294,1376
4294967279,473
4294967294,1375
4294967279,472
4294967294,1374
4294967279,471
4294967294,1373
4294967294,1372
4294967279,470
4294967294,1371
4294967279,469
4294967294,1370
4294967279,468
4294967294,1369
4294967294,1368
4294967279,467
4294967294,1367
4294967279,466
4294967294,1366
4294967294,1365
4294967279,465
4294967294,1364
4294967279,464
4294967294,1363
4294967294,1362
4294967279,463
4294967294,1361
4294967279,462
4294967294,1360
4294967294,1359
4294967279,461
4294967294,1279
4294967294,1358
4294967279,460
4294967294,1357
4294967294,1278
4294967279,459
4294967294,1356
4294967294,1355
4294967279,458
4294967294,1354
4294967279,457
4294967294,1353
4294967279,456
4294967294,1352
4294967279,455
4294967294,1351
4294967294,1277
4294967294,1350
4294967279,454
4294967294,1349
4294967279,453
4294967294,1348
4294967279,452
4294967294,1347
4294967294,1346
4294967279,451
4294967294,1345
4294967279,450
4294967294,1344
4294967294,1276
4294967279,449
4294967294,319
4294967294,318
4294967279,448
4294967294,317
4294967279,447
4294967294,316
4294967294,315
4294967279,446
4294967294,314
4294967279,445
4294967294,313
4294967279,444
4294967294,312
4294967294,311
4294967279,443
4294967294,1275
4294967294,310
4294967279,442
4294967294,309
4294967294,308
4294967279,441
4294967294,307
4294967279,440
4294967294,306
4294967294,1274
4294967279,439
4294967294,305
4294967294,304
4294967279,438
4294967294,303
4294967294,1273
4294967279,437
4294967294,302
4294967294,301
4294967279,436
4294967294,300
4294967279,435
4294967294,299
4294967279,434
4294967294,298
4294967294,297
4294967279,433
4294967294,296
4294967279,432
